[trade-in.webp]
filters=crop64=1,e000000a6aaffff;retouch=1;
crop=rect64(e000000a6aaffff)
moddate=800845d2bd72d901
width=1920
height=532
textactive=0
[trade-in.1.jpg]
filters=retouch=1;autocolor=1;enhance=1;autocolor=1;enhance=1;finetune2=1,0.000000,0.000000,0.000000,fff1f3f7,0.000000;
moddate=8cbcbf17be72d901
width=1145
height=532
textactive=0
